2024-10-24 01:38:36.597900 [build_js_version_minimize.py]: [INFO] Openning files...
2024-10-24 01:38:36.597997 [build_js_version_minimize.py]: [INFO] Calculating version incrementes...
2024-10-24 01:38:36.598897 [build_js_version_minimize.py]: No updates necessary for tec_init (1.14)
2024-10-24 01:38:36.598910 [build_js_version_minimize.py]: No updates necessary for tec_dm_placer (2.3)
2024-10-24 01:38:36.598919 [build_js_version_minimize.py]: No updates necessary for tec_dm_init (3.10)
2024-10-24 01:38:36.598928 [build_js_version_minimize.py]: No updates necessary for tec_donation (2.6)
2024-10-24 01:38:36.598936 [build_js_version_minimize.py]: No updates necessary for tec_header_follow (2.1)
2024-10-24 01:38:36.598944 [build_js_version_minimize.py]: No updates necessary for tec_random_article (2.5)
2024-10-24 01:38:36.598952 [build_js_version_minimize.py]: No updates necessary for tec_discord (2.1)
2024-10-24 01:38:36.598959 [build_js_version_minimize.py]: No updates necessary for tec_index (2.6)
2024-10-24 01:38:36.598967 [build_js_version_minimize.py]: No updates necessary for tec_commission_blurb (1.2)
2024-10-24 01:38:36.598975 [build_js_version_minimize.py]: No updates necessary for tec_image_resourcer (1.0)
2024-10-24 01:38:36.598983 [build_js_version_minimize.py]: No updates necessary for tec_gallery (2.13)
2024-10-24 01:38:36.598991 [build_js_version_minimize.py]: No updates necessary for tec_to_top (2.6)
2024-10-24 01:38:36.598999 [build_js_version_minimize.py]: No updates necessary for tec_video_embed_shared (1.3)
2024-10-24 01:38:36.599006 [build_js_version_minimize.py]: No updates necessary for tec_video_embed (2.3)
2024-10-24 01:38:36.599014 [build_js_version_minimize.py]: No updates necessary for tec_video_embed_existing (1.2)
2024-10-24 01:38:36.599022 [build_js_version_minimize.py]: No updates necessary for tec_patreon_prompt (1.3)
2024-10-24 01:38:36.599029 [build_js_version_minimize.py]: No updates necessary for tec_coauthor_display (1.2)
2024-10-24 01:38:36.599037 [build_js_version_minimize.py]: No updates necessary for tec_author_archive (1.2)
2024-10-24 01:38:36.599045 [build_js_version_minimize.py]: No updates necessary for tec_category_archive (1.1)
2024-10-24 01:38:36.599052 [build_js_version_minimize.py]: No updates necessary for tec_supporter_display (1.0)
2024-10-24 01:38:36.599065 [build_js_version_minimize.py]: Final Versions: [(tec_init: 1.14), (tec_dm_placer: 2.3), (tec_dm_init: 3.10), (tec_donation: 2.6), (tec_header_follow: 2.1), (tec_random_article: 2.5), (tec_discord: 2.1), (tec_index: 2.6), (tec_commission_blurb: 1.2), (tec_image_resourcer: 1.0), (tec_gallery: 2.13), (tec_to_top: 2.6), (tec_video_embed_shared: 1.3), (tec_video_embed: 2.3), (tec_video_embed_existing: 1.2), (tec_patreon_prompt: 1.3), (tec_coauthor_display: 1.2), (tec_author_archive: 1.2), (tec_category_archive: 1.1), (tec_supporter_display: 1.0)]
2024-10-24 01:38:36.599067 [build_js_version_minimize.py]: [INFO] Updating prod-versions.ini...
2024-10-24 01:38:36.601616 [build_js_version_minimize.py]: [INFO]  Updating tec-functions.php...
2024-10-24 01:38:36.607107 [build_js_version_minimize.py]: Completed successfully
