2023-09-07 23:25:37.099480 [build_js_version_minimize.py]: [INFO] Openning files...
2023-09-07 23:25:37.099600 [build_js_version_minimize.py]: [INFO] Calculating version incrementes...
2023-09-07 23:25:37.100753 [build_js_version_minimize.py]: No updates necessary for tec_init (1.2)
2023-09-07 23:25:37.100769 [build_js_version_minimize.py]: No updates necessary for tec_dm_placer (2.2)
2023-09-07 23:25:37.100778 [build_js_version_minimize.py]: No updates necessary for tec_dm_init (3.3)
2023-09-07 23:25:37.100786 [build_js_version_minimize.py]: No updates necessary for tec_donation (2.4)
2023-09-07 23:25:37.100794 [build_js_version_minimize.py]: No updates necessary for tec_header_follow (2.1)
2023-09-07 23:25:37.100802 [build_js_version_minimize.py]: No updates necessary for tec_random_article (2.5)
2023-09-07 23:25:37.100811 [build_js_version_minimize.py]: No updates necessary for tec_discord (2.1)
2023-09-07 23:25:37.100818 [build_js_version_minimize.py]: No updates necessary for tec_index (2.2)
2023-09-07 23:25:37.100827 [build_js_version_minimize.py]: No updates necessary for tec_gallery (2.9)
2023-09-07 23:25:37.100835 [build_js_version_minimize.py]: No updates necessary for tec_mobile_comp_init (2.2)
2023-09-07 23:25:37.100843 [build_js_version_minimize.py]: No updates necessary for tec_to_top (2.4)
2023-09-07 23:25:37.100851 [build_js_version_minimize.py]: No updates necessary for tec_video_embed_shared (1.1)
2023-09-07 23:25:37.100860 [build_js_version_minimize.py]: Update tec_video_embed to version 2.2 (minor)
2023-09-07 23:25:37.100868 [build_js_version_minimize.py]: No updates necessary for tec_video_embed_existing (1.1)
2023-09-07 23:25:37.100877 [build_js_version_minimize.py]: No updates necessary for tec_coauthor_display (1.0)
2023-09-07 23:25:37.100885 [build_js_version_minimize.py]: No updates necessary for tec_author_archive (1.1)
2023-09-07 23:25:37.100899 [build_js_version_minimize.py]: Final Versions: [(tec_init: 1.2), (tec_dm_placer: 2.2), (tec_dm_init: 3.3), (tec_donation: 2.4), (tec_header_follow: 2.1), (tec_random_article: 2.5), (tec_discord: 2.1), (tec_index: 2.2), (tec_gallery: 2.9), (tec_mobile_comp_init: 2.2), (tec_to_top: 2.4), (tec_video_embed_shared: 1.1), (tec_video_embed: 2.2), (tec_video_embed_existing: 1.1), (tec_coauthor_display: 1.0), (tec_author_archive: 1.1)]
2023-09-07 23:25:37.100902 [build_js_version_minimize.py]: [INFO] Updating prod-versions.ini...
2023-09-07 23:25:37.103407 [build_js_version_minimize.py]: [INFO]  Updating tec-functions.php...
2023-09-07 23:25:37.108774 [build_js_version_minimize.py]: Completed successfully
