2023-09-07 23:53:05.745986 [build_js_version_minimize.py]: [INFO] Openning files...
2023-09-07 23:53:05.746096 [build_js_version_minimize.py]: [INFO] Calculating version incrementes...
2023-09-07 23:53:05.747164 [build_js_version_minimize.py]: No updates necessary for tec_init (1.2)
2023-09-07 23:53:05.747177 [build_js_version_minimize.py]: No updates necessary for tec_dm_placer (2.2)
2023-09-07 23:53:05.747186 [build_js_version_minimize.py]: No updates necessary for tec_dm_init (3.3)
2023-09-07 23:53:05.747194 [build_js_version_minimize.py]: No updates necessary for tec_donation (2.4)
2023-09-07 23:53:05.747202 [build_js_version_minimize.py]: No updates necessary for tec_header_follow (2.1)
2023-09-07 23:53:05.747211 [build_js_version_minimize.py]: No updates necessary for tec_random_article (2.5)
2023-09-07 23:53:05.747218 [build_js_version_minimize.py]: No updates necessary for tec_discord (2.1)
2023-09-07 23:53:05.747226 [build_js_version_minimize.py]: No updates necessary for tec_index (2.2)
2023-09-07 23:53:05.747234 [build_js_version_minimize.py]: No updates necessary for tec_gallery (2.9)
2023-09-07 23:53:05.747243 [build_js_version_minimize.py]: No updates necessary for tec_mobile_comp_init (2.2)
2023-09-07 23:53:05.747250 [build_js_version_minimize.py]: No updates necessary for tec_to_top (2.4)
2023-09-07 23:53:05.747258 [build_js_version_minimize.py]: No updates necessary for tec_video_embed_shared (1.1)
2023-09-07 23:53:05.747272 [build_js_version_minimize.py]: No updates necessary for tec_video_embed (2.2)
2023-09-07 23:53:05.747280 [build_js_version_minimize.py]: No updates necessary for tec_video_embed_existing (1.1)
2023-09-07 23:53:05.747288 [build_js_version_minimize.py]: No updates necessary for tec_coauthor_display (1.0)
2023-09-07 23:53:05.747296 [build_js_version_minimize.py]: No updates necessary for tec_author_archive (1.1)
2023-09-07 23:53:05.747310 [build_js_version_minimize.py]: Final Versions: [(tec_init: 1.2), (tec_dm_placer: 2.2), (tec_dm_init: 3.3), (tec_donation: 2.4), (tec_header_follow: 2.1), (tec_random_article: 2.5), (tec_discord: 2.1), (tec_index: 2.2), (tec_gallery: 2.9), (tec_mobile_comp_init: 2.2), (tec_to_top: 2.4), (tec_video_embed_shared: 1.1), (tec_video_embed: 2.2), (tec_video_embed_existing: 1.1), (tec_coauthor_display: 1.0), (tec_author_archive: 1.1)]
2023-09-07 23:53:05.747313 [build_js_version_minimize.py]: [INFO] Updating prod-versions.ini...
2023-09-07 23:53:05.749831 [build_js_version_minimize.py]: [INFO]  Updating tec-functions.php...
2023-09-07 23:53:05.755181 [build_js_version_minimize.py]: Completed successfully
2023-09-07 23:53:06.593918 [build_css_version_minimize.py]: [INFO] Openning files...
2023-09-07 23:53:06.594657 [build_css_version_minimize.py]: [INFO] Calculating version incrementes...
2023-09-07 23:53:06.603545 [build_css_version_minimize.py]: No updates necessary for tec_default (1.2)
2023-09-07 23:53:06.603559 [build_css_version_minimize.py]: No updates necessary for tec_darkMode (6.0)
2023-09-07 23:53:06.603567 [build_css_version_minimize.py]: Final Versions: [(tec_init > tec_default: 1.2), (tec_dm_init > tec_darkMode: 6.0)]
2023-09-07 23:53:06.603570 [build_css_version_minimize.py]: [INFO] Updating prod-versions.ini...
2023-09-07 23:53:06.604033 [build_css_version_minimize.py]: [INFO] Updating tec_init.js for tec_default.css to version 1.2...
2023-09-07 23:53:06.604353 [build_css_version_minimize.py]: [INFO] Updating tec_dm_init.js for tec_darkMode.css to version 6.0...
2023-09-07 23:53:06.604733 [build_css_version_minimize.py]: Completed successfully
2023-09-07 23:53:07.334405 [build_update_plugin_version.py]: [INFO] Openning files...
2023-09-07 23:53:07.334536 [build_update_plugin_version.py]: [INFO] Calculating version increment...
2023-09-07 23:53:07.334783 [build_update_plugin_version.py]: [INFO] Updating prod-versions.ini...
2023-09-07 23:53:07.334940 [build_update_plugin_version.py]: [PLUGIN VERSION]: 2.1.8
2023-09-07 23:53:07.334950 [build_update_plugin_version.py]: [INFO] Updating README.md...
2023-09-07 23:53:07.335477 [build_update_plugin_version.py]: [INFO] Updating te-custom-mods.php...
2023-09-07 23:53:07.335839 [build_update_plugin_version.py]: Completed successfully
2023-09-07 23:53:08.195043 [build_zip_plugin.py]: te-custom-mods.php
2023-09-07 23:53:08.195279 [build_zip_plugin.py]: tec-functions.php
2023-09-07 23:53:08.195503 [build_zip_plugin.py]: tec_coauthor_display.js
2023-09-07 23:53:08.195623 [build_zip_plugin.py]: tec_init.js
2023-09-07 23:53:08.195741 [build_zip_plugin.py]: tec_dm_init.js
2023-09-07 23:53:08.195860 [build_zip_plugin.py]: tec_dm_placer.js
2023-09-07 23:53:08.195968 [build_zip_plugin.py]: tec_discord.js
2023-09-07 23:53:08.196084 [build_zip_plugin.py]: tec_donation.js
2023-09-07 23:53:08.196193 [build_zip_plugin.py]: tec_author_archive.js
2023-09-07 23:53:08.196297 [build_zip_plugin.py]: tec_to_top.js
2023-09-07 23:53:08.196444 [build_zip_plugin.py]: tec_video_embed.js
2023-09-07 23:53:08.196570 [build_zip_plugin.py]: tec_header_follow.js
2023-09-07 23:53:08.196694 [build_zip_plugin.py]: tec_random_article.js
2023-09-07 23:53:08.196805 [build_zip_plugin.py]: tec_video_embed_shared.js
2023-09-07 23:53:08.196917 [build_zip_plugin.py]: tec_gallery.js
2023-09-07 23:53:08.197053 [build_zip_plugin.py]: tec_mobile_comp_init.js
2023-09-07 23:53:08.197174 [build_zip_plugin.py]: tec_mobile_comp.js
2023-09-07 23:53:08.197289 [build_zip_plugin.py]: tec_index.js
2023-09-07 23:53:08.197419 [build_zip_plugin.py]: tec_video_embed_existing.js
2023-09-07 23:53:08.197567 [build_zip_plugin.py]: author.php
2023-09-07 23:53:08.197700 [build_zip_plugin.py]: tec_default.css
2023-09-07 23:53:08.197821 [build_zip_plugin.py]: tec_darkMode_search.css
2023-09-07 23:53:08.197926 [build_zip_plugin.py]: tec_darkMode.css
2023-09-07 23:53:08.198121 [build_zip_plugin.py]: ToTopYellow.png
2023-09-07 23:53:08.198258 [build_zip_plugin.py]: ToTopBlack.png
2023-09-07 23:53:08.198391 [build_zip_plugin.py]: FullscreenIcon.png
