2026-04-10 01:41:43.472244 [build_js_version_minimize.py]: [INFO] Openning files...
2026-04-10 01:41:43.472351 [build_js_version_minimize.py]: [INFO] Calculating version incrementes...
2026-04-10 01:41:43.473249 [build_js_version_minimize.py]: Update tec_init to version 1.24 (minor)
2026-04-10 01:41:43.473261 [build_js_version_minimize.py]: No updates necessary for tec_dm_placer (2.4)
2026-04-10 01:41:43.473269 [build_js_version_minimize.py]: No updates necessary for tec_dm_init (3.11)
2026-04-10 01:41:43.473276 [build_js_version_minimize.py]: No updates necessary for tec_donation (2.7)
2026-04-10 01:41:43.473283 [build_js_version_minimize.py]: No updates necessary for tec_header_follow (2.2)
2026-04-10 01:41:43.473290 [build_js_version_minimize.py]: No updates necessary for tec_random_article (2.7)
2026-04-10 01:41:43.473297 [build_js_version_minimize.py]: No updates necessary for tec_discord (2.1)
2026-04-10 01:41:43.473303 [build_js_version_minimize.py]: No updates necessary for tec_index (2.7)
2026-04-10 01:41:43.473310 [build_js_version_minimize.py]: No updates necessary for tec_commission_blurb (1.3)
2026-04-10 01:41:43.473317 [build_js_version_minimize.py]: No updates necessary for tec_image_resourcer (1.1)
2026-04-10 01:41:43.473323 [build_js_version_minimize.py]: No updates necessary for tec_gallery (2.13)
2026-04-10 01:41:43.473330 [build_js_version_minimize.py]: No updates necessary for tec_to_top (2.7)
2026-04-10 01:41:43.473336 [build_js_version_minimize.py]: No updates necessary for tec_video_embed_shared (1.3)
2026-04-10 01:41:43.473343 [build_js_version_minimize.py]: No updates necessary for tec_video_embed (2.4)
2026-04-10 01:41:43.473349 [build_js_version_minimize.py]: No updates necessary for tec_video_embed_existing (1.4)
2026-04-10 01:41:43.473357 [build_js_version_minimize.py]: Update tec_patreon_prompt to version 1.11 (minor)
2026-04-10 01:41:43.473363 [build_js_version_minimize.py]: No updates necessary for tec_coauthor_display (1.3)
2026-04-10 01:41:43.473370 [build_js_version_minimize.py]: No updates necessary for tec_author_archive (1.3)
2026-04-10 01:41:43.473377 [build_js_version_minimize.py]: No updates necessary for tec_category_archive (1.2)
2026-04-10 01:41:43.473383 [build_js_version_minimize.py]: No updates necessary for tec_supporter_display (1.0)
2026-04-10 01:41:43.473390 [build_js_version_minimize.py]: No updates necessary for tec_graphic_blur (1.2)
2026-04-10 01:41:43.473403 [build_js_version_minimize.py]: Final Versions: [(tec_init: 1.24), (tec_dm_placer: 2.4), (tec_dm_init: 3.11), (tec_donation: 2.7), (tec_header_follow: 2.2), (tec_random_article: 2.7), (tec_discord: 2.1), (tec_index: 2.7), (tec_commission_blurb: 1.3), (tec_image_resourcer: 1.1), (tec_gallery: 2.13), (tec_to_top: 2.7), (tec_video_embed_shared: 1.3), (tec_video_embed: 2.4), (tec_video_embed_existing: 1.4), (tec_patreon_prompt: 1.11), (tec_coauthor_display: 1.3), (tec_author_archive: 1.3), (tec_category_archive: 1.2), (tec_supporter_display: 1.0), (tec_graphic_blur: 1.2)]
2026-04-10 01:41:43.473405 [build_js_version_minimize.py]: [INFO] Updating prod-versions.ini...
2026-04-10 01:41:43.475750 [build_js_version_minimize.py]: [INFO]  Updating tec-functions.php...
2026-04-10 01:41:43.481228 [build_js_version_minimize.py]: Completed successfully
