2023-11-05 18:26:51.628139 [build_js_version_minimize.py]: [INFO] Openning files...
2023-11-05 18:26:51.628253 [build_js_version_minimize.py]: [INFO] Calculating version incrementes...
2023-11-05 18:26:51.629337 [build_js_version_minimize.py]: Update tec_init to version 1.4 (minor)
2023-11-05 18:26:51.629352 [build_js_version_minimize.py]: No updates necessary for tec_dm_placer (2.2)
2023-11-05 18:26:51.629361 [build_js_version_minimize.py]: No updates necessary for tec_dm_init (3.4)
2023-11-05 18:26:51.629369 [build_js_version_minimize.py]: No updates necessary for tec_donation (2.4)
2023-11-05 18:26:51.629378 [build_js_version_minimize.py]: No updates necessary for tec_header_follow (2.1)
2023-11-05 18:26:51.629386 [build_js_version_minimize.py]: No updates necessary for tec_random_article (2.5)
2023-11-05 18:26:51.629394 [build_js_version_minimize.py]: No updates necessary for tec_discord (2.1)
2023-11-05 18:26:51.629401 [build_js_version_minimize.py]: No updates necessary for tec_index (2.3)
2023-11-05 18:26:51.629410 [build_js_version_minimize.py]: No updates necessary for tec_gallery (2.10)
2023-11-05 18:26:51.629418 [build_js_version_minimize.py]: No updates necessary for tec_to_top (2.5)
2023-11-05 18:26:51.629426 [build_js_version_minimize.py]: No updates necessary for tec_video_embed_shared (1.1)
2023-11-05 18:26:51.629433 [build_js_version_minimize.py]: No updates necessary for tec_video_embed (2.2)
2023-11-05 18:26:51.629441 [build_js_version_minimize.py]: No updates necessary for tec_video_embed_existing (1.1)
2023-11-05 18:26:51.629449 [build_js_version_minimize.py]: No updates necessary for tec_coauthor_display (1.0)
2023-11-05 18:26:51.629457 [build_js_version_minimize.py]: No updates necessary for tec_author_archive (1.1)
2023-11-05 18:26:51.629471 [build_js_version_minimize.py]: Final Versions: [(tec_init: 1.4), (tec_dm_placer: 2.2), (tec_dm_init: 3.4), (tec_donation: 2.4), (tec_header_follow: 2.1), (tec_random_article: 2.5), (tec_discord: 2.1), (tec_index: 2.3), (tec_gallery: 2.10), (tec_to_top: 2.5), (tec_video_embed_shared: 1.1), (tec_video_embed: 2.2), (tec_video_embed_existing: 1.1), (tec_coauthor_display: 1.0), (tec_author_archive: 1.1)]
2023-11-05 18:26:51.629474 [build_js_version_minimize.py]: [INFO] Updating prod-versions.ini...
2023-11-05 18:26:51.631831 [build_js_version_minimize.py]: [INFO]  Updating tec-functions.php...
2023-11-05 18:26:51.636767 [build_js_version_minimize.py]: Completed successfully
2023-11-05 18:26:52.370042 [build_css_version_minimize.py]: [INFO] Openning files...
2023-11-05 18:26:52.370730 [build_css_version_minimize.py]: [INFO] Calculating version incrementes...
2023-11-05 18:26:52.378938 [build_css_version_minimize.py]: No updates necessary for tec_darkMode (6.1)
2023-11-05 18:26:52.378958 [build_css_version_minimize.py]: Update tec_default to version 1.4 (minor)
2023-11-05 18:26:52.378968 [build_css_version_minimize.py]: Final Versions: [(tec_dm_init > tec_darkMode: 6.1), (tec_init > tec_default: 1.4)]
2023-11-05 18:26:52.378971 [build_css_version_minimize.py]: [INFO] Updating prod-versions.ini...
2023-11-05 18:26:52.379511 [build_css_version_minimize.py]: [INFO] Updating tec_dm_init.js for tec_darkMode.css to version 6.1...
2023-11-05 18:26:52.379939 [build_css_version_minimize.py]: [INFO] Updating tec_init.js for tec_default.css to version 1.4...
2023-11-05 18:26:52.380265 [build_css_version_minimize.py]: Completed successfully
2023-11-05 18:26:53.092878 [build_update_plugin_version.py]: [INFO] Openning files...
2023-11-05 18:26:53.093018 [build_update_plugin_version.py]: [INFO] Calculating version increment...
2023-11-05 18:26:53.093276 [build_update_plugin_version.py]: [INFO] Updating prod-versions.ini...
2023-11-05 18:26:53.093485 [build_update_plugin_version.py]: [PLUGIN VERSION]: 2.1.9
2023-11-05 18:26:53.093495 [build_update_plugin_version.py]: [INFO] Updating README.md...
2023-11-05 18:26:53.094051 [build_update_plugin_version.py]: [INFO] Updating te-custom-mods.php...
2023-11-05 18:26:53.094392 [build_update_plugin_version.py]: Completed successfully
